       0 0 0 0 0 0 0         00 00  11 11
 +---+  +->--->---+          01 10  10 01
       0|1 1 1 1 1|0                      2x 2x
 |   |  |         v          01 10  10 01 01 10
       0|1 1 1 1 1|0         00 00  11 11 10 01
 | +-+  |         v
       0|1 1 1 1 1|0
 | |    |     +-<-+
       0|1 1 1|0 0 0
 | +-+  |     +->-+                        1111
       0|1 1 1 1 1|0                       1011
 |   |  |         v                        1100
       0|1 1 1 1 1|0                       1000
 +-+-+  |         |
       0|1 1 1 1 1|0
   +    +---+ +-<-+
       0 0 0|1|0 0 0
            +<+
       0 0 0 0 0 0 0